#   Phase              Relative Intensity
    -0.036189668      0.99861136
    -0.036069578      0.99895899
    -0.035949451       1.0005725
    -0.035829134      0.99923093
    -0.035709006       1.0000167
    -0.035590013      0.99965461
    -0.035469998      0.99986747
    -0.035349757      0.99942860
    -0.035229629       1.0007537
    -0.035109615       1.0005744
    -0.034989373       1.0009281
    -0.034869283      0.99942646
    -0.034750290      0.99902556
    -0.034629898      0.99905781
    -0.034509505      0.99983609
    -0.034389831      0.99997818
    -0.034269552      0.99884222
    -0.034150559       1.0003407
    -0.034030128      0.99979194
    -0.033909887       1.0002856
    -0.033789532       1.0007154
    -0.033670766       1.0006889
    -0.033550638      0.99996089
    -0.033430397       1.0001384
    -0.033310156      0.99906410
    -0.033190406       1.0005999
    -0.033070467      0.99990317
    -0.032950302       1.0018103
    -0.032830174      0.99962609
    -0.032711181      0.99999499
    -0.032591280      0.99946734
    -0.032471228      0.99993778
    -0.032351024      0.99949553
    -0.032230821      0.99903412
    -0.032110428       1.0007790
    -0.031991511      0.99999933
    -0.031871496      0.99979497
    -0.031751179       1.0001265
    -0.031630711      0.99935657
    -0.031511756       1.0002659
    -0.031391703       1.0008956
    -0.031271651       1.0006863
    -0.031151334       1.0009417
    -0.031030979       1.0003386
    -0.030911986       1.0004449
    -0.030792048       1.0004102
    -0.030671995       1.0001108
    -0.030551565      0.99987173
    -0.030431286       1.0003378
    -0.030311234      0.99986987
    -0.030192316       1.0000581
    -0.030072264      0.99992220
    -0.029952212      0.99860576
    -0.029831857       1.0006196
    -0.029711464      0.99999278
    -0.029592433      0.99966329
    -0.029472419      0.99926463
    -0.029352216      0.99943808
    -0.029231974       1.0009715
    -0.029111733      0.99944763
    -0.028992740      0.99990688
    -0.028872385      0.99986887
    -0.028752371       1.0001538
    -0.028631978       1.0004453
    -0.028513061       1.0000694
    -0.028392970       1.0004754
    -0.028272918      0.99989202
    -0.028152526      0.99901153
    -0.028032171       1.0005367
    -0.027913216       1.0000674
    -0.027793239      0.99977855
    -0.027673225      0.99986373
    -0.027553021       1.0001814
    -0.027432780       1.0009139
    -0.027312122       1.0001442
    -0.027193470       1.0006441
    -0.027073455       1.0002646
    -0.026953214      0.99998865
    -0.026832784       1.0010575
    -0.026712731      0.99977113
    -0.026593738      0.99999811
    -0.026473724      0.99946314
    -0.026353520       1.0005745
    -0.026233241      0.99907507
    -0.026113000       1.0002200
    -0.025994007      0.99964267
    -0.025873879       1.0002151
    -0.025753486       1.0004652
    -0.025632980       1.0005232
    -0.025514176      0.99870395
    -0.025394275      0.99854445
    -0.025274223       1.0013618
    -0.025154020      0.99911985
    -0.025033627      0.99785780
    -0.024913499       1.0007678
    -0.024794544       1.0001835
    -0.024674378      0.99945882
    -0.024554175       1.0007182
    -0.024433858       1.0007362
    -0.024313768       1.0007359
    -0.024194699       1.0002093
    -0.024074760      0.99969418
    -0.023954519       1.0006546
    -0.023834353      0.99909176
    -0.023714150      0.99986906
    -0.023593833      0.99912197
    -0.023475067       1.0005413
    -0.023354750       1.0005278
    -0.023234584       1.0003947
    -0.023114305       1.0008622
    -0.022995312      0.99920488
    -0.022874919      0.99999583
    -0.022754829       1.0000529
    -0.022634550       1.0014055
    -0.022514460       1.0005338
    -0.022395467       1.0007027
    -0.022275528      0.99971020
    -0.022155400      0.99949757
    -0.022034932       1.0007863
    -0.021914729       1.0003541
    -0.021795735       1.0005941
    -0.021675721      0.99949011
    -0.021555480      0.99992681
    -0.021435352       1.0007430
    -0.021315148      0.99928024
    -0.021195210       1.0012237
    -0.021075498      0.99940013
    -0.020955408      0.99833714
    -0.020834864       1.0005863
    -0.020716287      0.99927504
    -0.020596386      0.99989073
    -0.020476220      0.99953560
    -0.020355979       1.0002657
    -0.020235775       1.0003418
    -0.020115307       1.0008688
    -0.019996503      0.99956135
    -0.019876489       1.0000851
    -0.019756285      0.99990313
    -0.019635741       1.0004028
    -0.019516710       1.0010833
    -0.019396734      0.99947542
    -0.019276379       1.0009899
    -0.019156440       1.0005331
    -0.019036048      0.99952841
    -0.018917093       1.0008637
    -0.018797040      0.99931323
    -0.018677026      0.99971725
    -0.018556633       1.0013566
    -0.018436279       1.0002222
    -0.018317210      0.99932808
    -0.018197271      0.99957003
    -0.018077143       1.0003354
    -0.017956864       1.0019881
    -0.017836585       1.0003699
    -0.017717478      0.99870503
    -0.017597540      0.99958537
    -0.017477487      0.99907109
    -0.017357208      0.99935006
    -0.017236891       1.0005520
    -0.017116877      0.99952563
    -0.016997808      0.99945074
    -0.016877491       1.0010568
    -0.016757363       1.0002264
    -0.016637122      0.99876431
    -0.016518015      0.99968087
    -0.016398039       1.0009025
    -0.016277949       1.0003349
    -0.016157556       1.0009751
    -0.016037239      0.99934734
    -0.015918322      0.99984646
    -0.015798307      0.99966456
    -0.015678331       1.0001248
    -0.015558165      0.99933919
    -0.015437924       1.0011959
    -0.015317493       1.0010743
    -0.015198500       1.0010167
    -0.015078524      0.99904589
    -0.014958207      0.99944529
    -0.014837928      0.99808633
    -0.014717762       1.0004628
    -0.014598807       1.0011802
    -0.014478906      0.99972934
    -0.014358551      0.99895013
    -0.014238007       1.0005762
    -0.014119014      0.99913026
    -0.013999113       1.0011487
    -0.013879061       1.0000564
    -0.013758668       1.0007471
    -0.013638011       1.0001151
    -0.013519245      0.99887364
    -0.013399268      0.99920230
    -0.013279216      0.99981568
    -0.013159012      0.99876251
    -0.013038620       1.0005773
    -0.012918492      0.99959835
    -0.012799612      0.99960632
    -0.012679560      0.99919970
    -0.012559546       1.0001481
    -0.012439267       1.0003804
    -0.012318987      0.99970784
    -0.012199162      0.99968251
    -0.012079223      0.99976378
    -0.011959020      0.99973755
    -0.011839081      0.99930278
    -0.011720050       1.0012540
    -0.011600074       1.0011011
    -0.011480022      0.99894242
    -0.011359705      0.99969912
    -0.011239274      0.99907021
    -0.011120243       1.0003311
    -0.011000304       1.0001168
    -0.010879988       1.0001823
    -0.010759973      0.99932899
    -0.010639505      0.99929072
    -0.010520512      0.99957833
    -0.010400573      0.99946603
    -0.010280559       1.0002413
    -0.010160317       1.0011802
    -0.010039773      0.99989489
   -0.0099207425       1.0000201
   -0.0098007281      0.99987219
   -0.0096807516       1.0011251
   -0.0095605859      0.99985597
   -0.0094404581      0.99992609
   -0.0093202546       1.0005441
   -0.0092005050       1.0015498
   -0.0090805284      0.99934157
   -0.0089602871       1.0004920
   -0.0088402727      0.99926605
   -0.0087212796      0.99902522
   -0.0086013409       1.0006440
   -0.0084812887      0.99966746
   -0.0083610852       1.0000766
   -0.0082406547      0.99952586
   -0.0081204513       1.0012266
   -0.0080015716       1.0006502
   -0.0078815572       1.0006667
   -0.0077613159       1.0007994
   -0.0076411502       1.0000303
   -0.0075208711      0.99953147
   -0.0074018401      0.99937516
   -0.0072817123      0.99972022
   -0.0071615088      0.99915726
   -0.0070411162      0.99905399
   -0.0069220474      0.99921543
   -0.0068019952      0.99728395
   -0.0066820565      0.99643431
   -0.0065616639      0.99718554
   -0.0064413847      0.99772410
   -0.0063214460      0.99723622
   -0.0062023772      0.99664403
   -0.0060822494      0.99700799
   -0.0059620081      0.99563426
   -0.0058416911      0.99659753
   -0.0057215254      0.99569709
   -0.0056013976      0.99536632
   -0.0054826692      0.99594730
   -0.0053626170      0.99564033
   -0.0052423001      0.99546356
   -0.0051222100      0.99464961
   -0.0050022713      0.99488081
   -0.0048820678      0.99377407
   -0.0047622048      0.99355388
   -0.0046420013      0.99342974
   -0.0045230838      0.99376636
   -0.0044031072      0.99478057
   -0.0042830929      0.99349977
   -0.0041628894      0.99218964
   -0.0040414377      0.99317440
   -0.0039232767      0.99309078
   -0.0038033001      0.99379957
   -0.0036833614      0.99389951
   -0.0035633470      0.99261513
   -0.0034429544      0.99248532
   -0.0033225996      0.99341828
   -0.0032035687      0.99304800
   -0.0030835543      0.99321374
   -0.0029633508      0.99171577
   -0.0028431473      0.99317230
   -0.0027229438      0.99279813
   -0.0026038372      0.99416168
   -0.0024838228      0.99345533
   -0.0023635059      0.99297007
   -0.0022432646      0.99256285
   -0.0021231746      0.99324734
   -0.0020041058      0.99260180
   -0.0018840914      0.99262102
   -0.0017636610      0.99344231
   -0.0016429658      0.99319192
   -0.0015243130      0.99381043
   -0.0014044121      0.99240370
   -0.0012843599      0.99337789
   -0.0011640808      0.99280133
   -0.0010438773      0.99235579
  -0.00092352253      0.99356181
  -0.00080456722      0.99328576
  -0.00068459067      0.99334962
  -0.00056431153      0.99237020
  -0.00044399457      0.99441380
  -0.00032386672      0.99386288
  -0.00020487359      0.99232516
  -8.4783570e-05      0.99283846
   3.5419920e-05      0.99222914
   0.00015573688      0.99296155
   0.00027578908      0.99330517
   0.00039557651      0.99333002
   0.00051540177      0.99312427
   0.00063571873      0.99286081
   0.00075573310      0.99367778
   0.00087461277      0.99314954
   0.00099455149      0.99384106
    0.0011149441      0.99214804
    0.0012350341      0.99324605
    0.0013553889      0.99300650
    0.0014743442      0.99279289
    0.0015944342      0.99327721
    0.0017144486      0.99318840
    0.0018347277      0.99299023
    0.0019551204      0.99357001
    0.0020742270      0.99309028
    0.0021942035      0.99373994
    0.0023141422      0.99229531
    0.0024341566      0.99273528
    0.0025545114      0.99321116
    0.0026747149      0.99312545
    0.0027946914      0.99324449
    0.0029147058      0.99222001
    0.0030346824      0.99377275
    0.0031547346      0.99342949
    0.0032736899      0.99302528
    0.0033936286      0.99239464
    0.0035136808      0.99260981
    0.0036339978      0.99174314
    0.0037543147      0.99419711
    0.0038744047      0.99293188
    0.0039933979      0.99251453
    0.0041134501      0.99449748
    0.0042336157      0.99370859
    0.0043542353      0.99289071
    0.0044731906      0.99333012
    0.0045931293      0.99264673
    0.0047132950      0.99395366
    0.0048334607      0.99361581
    0.0049539289      0.99364850
    0.0050729220      0.99454415
    0.0051928608      0.99446997
    0.0053129130      0.99556530
    0.0054331543      0.99622624
    0.0055535469      0.99462572
    0.0056735234      0.99603824
    0.0057926301      0.99536390
    0.0059126444      0.99607999
    0.0060328479      0.99560682
    0.0061529758      0.99745908
    0.0062733305      0.99758021
    0.0063923237      0.99690544
    0.0065123759      0.99733255
    0.0066325794      0.99711605
    0.0067528207      0.99744281
    0.0068730242      0.99690555
    0.0069921308      0.99893672
    0.0071124856      0.99941863
    0.0072324999      0.99930674
    0.0073529304      0.99925586
    0.0074718857       1.0001457
    0.0075918622      0.99907494
    0.0077119523      0.99968700
    0.0078322314       1.0002505
    0.0079526996      0.99932452
    0.0080716550      0.99892751
    0.0081917072      0.99981265
    0.0083116837      0.99989261
    0.0084319250      0.99955733
    0.0085519772      0.99993324
    0.0086724076      0.99902868
    0.0087913630       1.0004772
    0.0089114152      0.99912963
    0.0090317321       1.0000772
    0.0091520113      0.99992679
    0.0092721391      0.99984029
    0.0093910944       1.0002650
    0.0095112223       1.0001384
    0.0096314257       1.0001358
    0.0097519318      0.99971492
    0.0098709250       1.0003736
    0.0099908637      0.99938661
     0.010110916      0.99976009
     0.010231271      0.99906744
     0.010351890       1.0012437
     0.010470619       1.0000682
     0.010590595       1.0000136
     0.010710685       1.0008720
     0.010830889       1.0004968
     0.010951357      0.99967996
     0.011071560      0.99984714
     0.011190364       1.0001749
     0.011310303      0.99932108
     0.011430431       1.0002729
     0.011550748      0.99987425
     0.011670951       1.0006162
     0.011791268       1.0002697
     0.011910072      0.99909806
     0.012030087       1.0003436
     0.012150366       1.0001676
     0.012270418      0.99990913
     0.012391265      0.99929722
     0.012509842      0.99893254
     0.012630083       1.0007539
     0.012750362      0.99984423
     0.012870603       1.0012936
     0.012989597      0.99945472
     0.013109876       1.0007335
     0.013229928       1.0008211
     0.013350396       1.0003821
     0.013469427      0.99942998
     0.013589366       1.0001932
     0.013709380      0.99931950
     0.013829584      0.99968992
     0.013949976      0.99930548
     0.014070029      0.99961510
     0.014189097       1.0003086
     0.014309112      0.99986902
     0.014429315       1.0000423
     0.014549443       1.0000773
     0.014669647      0.99932325
     0.014789888       1.0002573
     0.014908768       1.0007317
     0.015029084      0.99947777
     0.015149288      0.99966601
     0.015269491      0.99931443
     0.015388522       1.0001049
     0.015508612       1.0000105
     0.015628892       1.0018024
     0.015749095       1.0001321
     0.015869374       1.0001193
     0.015988330       1.0007149
     0.016108382      0.99997501
     0.016228699       1.0000307
     0.016349167       1.0002488
     0.016468160      0.99968198
     0.016588061      0.99853583
     0.016708227       1.0007176
     0.016828430       1.0002342
     0.016948785       1.0003894
     0.017067702       1.0014569
